array([[[0.64, 0.68, 0.7 , ..., 0.  , 0.  , 0.  ],
        [0.12, 0.18, 0.18, ..., 0.  , 0.  , 0.  ],
        [0.22, 0.22, 0.48, ..., 0.48, 0.48, 0.44],
        ...,
        [0.  , 0.  , 0.  , ..., 0.  , 0.  , 0.  ],
        [0.  , 0.  , 0.  , ..., 0.  , 0.  , 0.  ],
        [0.  , 0.  , 0.  , ..., 0.  , 0.  , 0.  ]],

       [[0.18, 0.18, 0.62, ..., 0.  , 0.  , 0.  ],
        [0.54, 0.4 , 0.4 , ..., 0.56, 0.44, 0.48],
        [0.56, 0.62, 0.66, ..., 0.46, 0.  , 0.  ],
        ...,
        [0.  , 0.  , 0.  , ..., 0.  , 0.  , 0.  ],
        [0.  , 0.  , 0.  , ..., 0.  , 0.  , 0.  ],
        [0.  , 0.  , 0.  , ..., 0.  , 0.  , 0.  ]],

       [[0.66, 0.6 , 0.56, ..., 0.72, 0.7 , 0.7 ],
        [0.56, 0.58, 0.56, ..., 0.22, 0.24, 0.46],
        [0.68, 0.62, 0.62, ..., 0.68, 0.68, 0.66],
        ...,
        [0.  , 0.  , 0.  , ..., 0.  , 0.  , 0.  ],
        [0.  , 0.  , 0.  , ..., 0.  , 0.  , 0.  ],
        [0.  , 0.  , 0.  , ..., 0.  , 0.  , 0.  ]],

       ...,

       [[0.52, 0.84, 0.72, ..., 0.18, 0.66, 0.7 ],
        [0.62, 0.64, 0.62, ..., 0.  , 0.  , 0.  ],
        [0.56, 0.54, 0.54, ..., 0.58, 0.6 , 0.6 ],
        ...,
        [0.  , 0.  , 0.  , ..., 0.  , 0.  , 0.  ],
        [0.  , 0.  , 0.  , ..., 0.  , 0.  , 0.  ],
        [0.  , 0.  , 0.  , ..., 0.  , 0.  , 0.  ]],

       [[0.44, 0.48, 0.48, ..., 0.5 , 0.44, 0.44],
        [0.62, 0.76, 0.72, ..., 0.4 , 0.4 , 0.  ],
        [0.52, 0.5 , 0.52, ..., 0.  , 0.  , 0.  ],
        ...,
        [0.  , 0.  , 0.  , ..., 0.  , 0.  , 0.  ],
        [0.  , 0.  , 0.  , ..., 0.  , 0.  , 0.  ],
        [0.  , 0.  , 0.  , ..., 0.  , 0.  , 0.  ]],

       [[0.16, 0.12, 0.12, ..., 0.  , 0.  , 0.  ],
        [0.4 , 0.58, 0.6 , ..., 0.48, 0.38, 0.24],
        [0.5 , 0.6 , 0.62, ..., 0.46, 0.48, 0.14],
        ...,
        [0.  , 0.  , 0.  , ..., 0.  , 0.  , 0.  ],
        [0.  , 0.  , 0.  , ..., 0.  , 0.  , 0.  ],
        [0.  , 0.  , 0.  , ..., 0.  , 0.  , 0.  ]]])